3622 8003001606
3623 8003001502
3624 8003001543
3653 8003001638
3724 8003001514
3725 8003001524
3741 8003001599
3831 8003001608
3926 8003001610
3927 8003001639
3928 8003001498
3942 8003001503
4027 8003001575
4028 8003001592
4042 8003001619
4128 8003001515
4129 8003001508
4229 8003001520
4230 8003001632
4329 8003001509
4429 8003001640
4530 8003001496
4531 8003001504
4629 8003001576
4630 8003001593
4631 8003001529
4729 8003001494
4730 8003001600
4731 8003001594
4828 8003001505
4829 8003001499
4830 8003001620
4831 8003001525
4839 8003001641
4928 8003001586
4929 8003001560
4930 8003001557
4931 8003001587
4932 8003001628
4933 8003001510
4934 8003001538
4939 8003001621
5029 8003001500
5030 8003001580
5031 8003001601
5032 8003001516
5033 8003001501
5034 8003001588
5035 8003001633
5036 8003001517
5039 8003001622
5129 8003001577
5130 8003001602
5131 8003001526
5132 8003001550
5133 8003001558
5134 8003001611
5135 8003001615
5136 8003001551
5137 8003001544
5138 8003001530
5139 8003001609
5229 8003001589
5231 8003001581
5232 8003001582
5233 8003001583
5234 8003001561
5235 8003001531
5236 8003001634
5237 8003001562
5238 8003001552
5239 8003001563
5240 8003001642
5332 8003001545
5333 8003001616
5334 8003001539
5335 8003001540
5336 8003001527
5337 8003001617
5338 8003001528
5339 8003001546
5340 8003001595
5432 8003001532
5433 8003001564
5435 8003001553
5436 8003001623
5437 8003001565
5438 8003001603
5439 8003001578
5440 8003001547
5536 8003001541
5537 8003001596
5538 8003001627
5539 8003001624
5540 8003001579
5541 8003001618
5636 8003001643
5637 8003001572
5638 8003001625
5639 8003001566
5640 8003001554
5641 8003001584
5738 8003001590
5739 8003001497
5740 8003001635
5741 8003001521
5839 8003001548
5840 8003001569
5841 8003001644
5939 8003001522
5940 8003001518
5941 8003001573
5942 8003001533
6039 8003001495
6040 8003001534
6041 8003001542
6139 8003001607
6140 8003001519
6141 8003001555
6239 8003001559
6240 8003001597
6241 8003001604
6243 8003001570
6339 8003001523
6340 8003001506
6341 8003001626
6342 8003001629
6343 8003001535
6439 8003001612
6440 8003001630
6441 8003001613
6442 8003001574
6443 8003001536
6444 8003001537
6445 8003001507
6540 8003001511
6541 8003001591
6542 8003001512
6543 8003001605
6544 8003001567
6545 8003001636
6641 8003001637
6642 8003001614
6643 8003001513
6644 8003001585
6645 8003001571
6741 8003001568
6742 8003001598
6840 8003001556
6841 8003001631
6842 8003001549
